pid,link
